276
77
120
579
71
758
509
222
122
139
607
226
485
838
177
833
318
451
913
250
149
874
991
170
328
997
947
272
88
846
766
351
920
163
755
638
354
857
768
390
167
883
938
752
380
216
486
443
985
137
511
997
928
214
288
407
583
960
67
750
440
606
689
624
194
31
904
637
828
171
153
431
905
139
722
324
446
294
47
512
87
966
960
260
694
607
265
154
739
656
991
914
219
248
902
41
812
465
655
490
208
821
182
410
801
414
440
382
836
849
945
75
104
282
966
927
568
938
815
971
118
900
45
420
398
607
41
166
74
595
466
21
615
292
600
580
378
496
938
729
979
816
316
891
124
182
82
672
661
187
802
550
282
332
520
154
397
880
296
138
893
509
846
103
74
277
917
484
98
781
521
331
54
626
211
174
238
165
851
579
549
646
168
691
791
968
463
956
886
228
317
767
356
164
67
648
657
284
390
720
151
965
585
65
169
913
889
582
670
681
846
378
576
672
989
269
317
493
815
639
844
623
798
895
386
718
672
356
550
506
632
782
183
691
925
323
842
576
125
318
644
351
584
105
839
477
382
702
332
35
524
126
5
324
104
97
853
427
800
466
128
936
703
311
525
649
988
446
49
306
192
830
580
272
529
309
331
74
238
1000
933
220
447
797
477
913
13
725
655
746
363
595
630
702
272
375
674
838
518
561
332
541
539
687
881
953
938
255
415
488
426
575
324
438
500
856
505
796
848
390
777
247
210
26
526
318
160
300
961
802
988
700
922
639
881
769
576
253
991
92
937
724
241
56
371
361
821
299
743
858
105
933
780
610
121
390
710
704
55
669
619
773
774
852
581
142
592
576
538
321
273
914
699
368
967
516
135
512
462
464
652
112
38
257
315
227
365
773
487
467
386
760
697
214
907
12
845
250
870
237
692
649
621
262
989
666
349
60
843
540
802
971
462
968
572
200
482
708
146
90
270
396
804
195
643
270
499
508
113
600
366
725
664
172
157
733
787
805
685
877
510
38
952
27
228
948
949
97
740
429
461
975
302
101
565
742
853
172
7
58
496
541
687
314
8
311
248
592
447
487
274
260
994
603
900
577
458
364
532
427
656
537
446
421
543
25
916
518
644
627
151
543
827
108
812
839
300
699
962
115
612
335
833
849
290
836
380
67
906
627
537
427
9
654
524
359
566
129
426
221
349
624
21
874
599
653
251
692
443
703
516
188
490
970
59
903
212
686
920
165
479
528
863
423
8
849
679
145
965
529
414
993
617
538
648
284
619
909
393
261
543
470
356
257
733
964
566
154
325
109
714
68
943
896
881
482
896
910
881
321
654
481
465
547
232
202
317
704
561
241
711
887
390
233
680
231
294
299
412
41
975
607
788
514
420
849
378
110
839
427
726
69
66
126
866
407
23
695
637
627
111
778
388
902
705
386
232
506
791
129
918
73
695
182
852
340
482
837
325
101
898
38
958
656
329
197
701
520
483
721
427
497
124
747
465
168
708
713
429
994
499
730
17
681
130
152
801
742
236
68
168
388
403
631
343
242
699
788
922
863
337
247
287
716
506
332
863
563
294
338
463
40
271
77
233
839
169
114
558
811
567
248
581
652
918
379
856
922
711
762
522
634
837
448
363
241
108
10
564
252
557
646
47
976
883
563
833
574
855
884
29
627
316
431
882
772
491
596
851
831
425
830
443
620
367
106
818
328
439
372
811
199
516
360
1
879
141
270
356
720
907
783
989
18
354
495
631
368
401
108
196
308
625
845
298
834
878
281
421
465
48
483
446
99
844
88
771
112
498
647
280
878
715
715
448
636
394
936
588
246
241
628
448
654
808
958
501
881
252
702
585
113
726
506
512
214
424
822
420
164
469
545
439
452
547
890
536
870
27
556
275
905
526
900
326
650
579
612
102
239
307
510
191
64
991
310
202
151
312
780
251
866
775
518
780
732
617
556
600
922
65
943
737
292
504
181
471
495
57
992
543
183
146
85
614
189
726
826
981
882
176
325
388
348
773
615
325
839
618
455
758
777
542
695
372
719
697
598
547
20
209
353
727
787
853
365
236
580
581
803
608
52
760
533
652
122
386
271
294
837
91
534
939
643
310
804
566
70
27
849
704
49
386
251
781
413
996
617
420
686
965
250
365
834
249
886
171
12
903
10
22
461
520
83
293
532
45
587
502
551
318
420
283
275
490
632
557
483
36
800
335
877
208
698
845
913
630
719
427
966
463
780
286
965
270
287
660
857
944
466
209
660
41
694
117
322
65
1000
296
967
652
199
622
598
379
740
903
794
868
273
615
162
80
646
492
290
474
107
860
580
848
884
171
558
611
650
38
223
503
772
591
761
351
987
684
82
579
18
338
480
135
967
56
85
562
796
853
609
296
63
293
68
410
209
207
827
160
487
29
869
988
448
763
570
680
800
776
604
537
199
601
681
393
183
788
275
63
922
156
454
20
748
654
469
842
880
300
663
538
676
690
512
662
580
987
52
161
587
470
386
51
750
191
652
209
3
138
195
203
924
973
52
311
765
661
606
706
950
19
179
343
390
890
753
254
53
628
430
962
968
139
937
797
277
978
653
256
782
833
47
475
887
399
466
139
29
320
575
679
381
743
551
585
828
38
875
321
138
900
125
984
99
461
851
789
493
487
783
404
739
420
150
377
297
73
317
456
874
191
642
195
875
898
326
747
956
568
553
189
704
861
920
648
519
441
211
89
542
955
295
892
277
829
277
207
458
468
661
19
768
60
355
730
26
676
939
165
153
187
598
196
503
321
530
129
212
109
68
180
876
663
771
282
373
112
971
701
88
615
792
620
754
87
563
517
810
204
369
270
190
446
767
735
627
133
163
495
83
440
293
248
50
769
919
306
282
941
244
838
20
699
47
986
523
314
426
636
541
680
698
656
178
908
933
457
852
27
593
825
72
475
427
182
412
599
943
940
187
7
754
73
192
266
158
228
588
497
7
898
812
599
886
646
845
701
34
536
386
977
110
594
178
353
618
945
983
499
73
441
439
900
892
792
225
444
293
941
820
757
470
889
882
729
661
982
524
174
293
243
315
33
866
562
965
101
645
180
51
68
19
117
635
763
622
491
40
402
654
118
979
542
545
433
721
838
997
764
565
876
329
757
840
920
856
514
300
750
615
261
237
148
613
111
720
315
268
915
260
984
91
674
599
290
640
645
556
205
916
262
525
621
243
857
3
965
270
573
353
899
474
912
584
231
507
113
703
226
152
175
51
333
805
538
804
869
359
153
734
248
628
248
28
848
657
204
406
145
580
219
731
777
889
931
255
61
423
264
683
95
519
86
206
483
836
959
834
612
786
567
753
104
969
674
254
913
20
189
478
989
867
617
59
260
482
507
936
497
497
508
814
511
144
528
450
828
220
750
706
745
448
293
634
663
216
470
696
649
590
37
967
318
379
876
914
449
497
685
957
471
126
685
158
693
607
202
704
692
464
310
584
291
569
45
813
789
206
362
209
523
255
408
267
301
680
779
965
276
824
474
267
246
470
189
713
280
685
144
624
697
547
104
730
742
19
856
110
516
780
974
953
900
17
698
253
352
518
349
397
187
351
22
113
708
670
350
804
368
801
902
429
461
655
534
655
178
713
95
254
16
504
932
844
964
623
556
552
666
53
547
449
420
431
881
139
768
925
774
244
975
373
359
358
898
119
791
105
790
910
317
669
792
904
177
797
882
698
687
516
863
481
776
122
824
238
612
27
588
795
578
377
486
92
878
554
638
300
641
242
942
995
685
845
201
586
951
663
997
460
39
361
157
114
517
718
849
314
407
490
250
823
929
903
958
177
673
803
664
594
500
189
408
49
877
436
346
458
273
139
811
466
555
908
131
118
69
722
880
868
309
848
812
879
12
69
439
133
110
473
121
580
898
520
987
734
592
623
826
365
386
607
361
633
990
963
567
810
665
479
243
608
990
386
118
963
860
627
382
224
976
501
569
479
160
118
482
656
245
149
921
706
163
504
937
113
203
85
493
32
572
190
999
759
213
495
588
152
313
751
129
785
620
621
701
744
472
957
235
878
162
783
703
336
213
878
667
913
525
101
971
354
973
700
504
437
688
724
67
37
606
183
399
778
999
266
120
45
877
460
258
892
169
70
751
411
791
161
458
172
563
304
368
223
910
133
626
736
228
210
425
993
817
240
208
730
746
986
796
678
775
952
312
414
93
705
943
782
616
727
161
623
779
339
561
850
397
97
615
725
808
644
804
382
325
305
259
404
190
619
487
399
178
396
939
145
663
778
805
88
594
384
245
997
587
707
229
558
529
286
165
227
585
966
32
847
540
546
353
843
969
749
979
5
190
217
154
10
409
144
924
208
285
178
106
992
698
269
649
77
683
277
756
545
518
446
653
866
786
989
582
68
863
824
813
818
673
676
547
578
648
359
725
302
781
267
603
626
778
577
405
795
600
47
926
240
568
326
997
205
667
204
59
206
258
472
875
909
617
645
969
109
657
486
247
928
188
218
711
537
633
840
846
84
686
519
730
951
744
784
703
380
694
65
486
463
433
234
507
999
45
219
523
806
142
870
77
276
913
400
130
324
421
219
549
62
201
185
870
429
483
558
523
511
860
934
695
617
107
834
669
680
728
129
774
439
767
159
802
106
680
584
950
210
509
786
394
39
470
58
365
140
990
66
358
706
215
479
488
630
276
333
483
293
947
880
570
165
297
354
437
565
548
1
470
525
638
374
28
884
606
738
178
16
277
28
548
107
649
591
125
729
573
585
225
266
795
754
62
588
68
360
976
570
673
391
580
891
642
160
742
900
472
199
653
578
962
670
564
998
119
224
778
297
660
796
391
232
638
537
216
534
588
431
594
176
469
754
76
456
784
73
208
324
883
801
76
392
847
953
802
617
203
471
280
695
347
585
473
277
670
5
79
46
278
190
199
358
413
70
360
649
44
67
477
622
477
912
785
412
665
470
384
48
70
625
152
57
588
454
273
596
779
679
17
106
711
728
968
132
978
763
816
642
700
987
289
144
549
444
297
99
698
770
965
619
757
665
203
396
924
304
790
781
70
302
41
66
246
822
844
411
509
655
996
200
405
371
895
507
830
216
286
367
845
822
587
558
911
259
200
769
168
144
283
500
843
647
99
534
594
125
561
523
816
615
842
993
151
109
691
253
869
248
83
975
475
898
579
409
770
416
946
596
577
801
819
294
916
518
684
863
671
861
318
291
519
834
355
483
57
71
110
375
235
20
331
91
838
774
39
442
738
994
93
371
189
900
61
613
41
189
425
316
349
92
865
219
556
884
612
897
26
303
731
816
905
969
218
101
945
95
57
759
4
451
808
15
973
529
105
826
785
426
720
640
215
379
381
525
563
40
718
749
96
181
114
94
700
750
972
444
698
650
823
46
166
266
431
459
543
575
940
140
1
206
776
493
800
747
795
910
433
940
402
716
685
460
735
896
396
562
73
103
809
834
444
96
722
516
564
802
699
108
15
458
786
689
956
462
144
394
780
216
186
952
18
641
316
211
795
117
572
107
605
888
265
914
508
335
888
432
645
791
522
482
865
927
512
972
488
234
758
307
174
877
404
592
399
58
50
604
933
106
620
62
706
824
789
435
364
464
630
647
1
371
926
238
216
990
193
677
367
826
963
637
15
708
820
596
775
325
136
390
241
782
583
353
140
213
18
199
475
591
58
899
164
138
162
551
710
323
815
765
631
645
247
269
195
521
651
699
507
884
317
383
74
204
263
905
160
902
356
703
194
283
329
998
802
93
988
546
27
933
115
676
28
366
224
524
726
427
520
210
475
116
727
258
122
207
263
461
434
773
675
608
973
769
332
706
749
109
913
447
302
171
239
621
900
956
952
714
241
205
380
244
683
787
561
553
500
938
51
750
634
888
30
84
616
639
986
539
748
815
190
150
978
231
508
21
480
864
251
128
40
852
718
975
876
183
91
876
701
920
313
423
703
593
86
516
482
805
392
292
128
915
168
138
168
214
947
970
209
554
143
173
85
649
744
576
464
575
602
461
618
334
794
841
14
970
8
857
389
104
652
813
838
122
980
780
734
611
219
274
862
385
578
294
579
872
70
703
221
195
557
660
470
650
857
828
945
464
319
504
388
231
600
839
842
982
650
583
971
981
860
669
784
253
788
820
454
405
201
115
970
309
368
60
216
101
348
795
98
989
922
581
580
510
57
807
1
218
229
576
87
746
116
834
260
699
184
331
659
472
96
583
183
853
793
648
834
764
591
23
401
822
604
913
10
890
890
52
60
833
197
469
169
835
465
478
323
831
872
716
820
69
266
863
90
355
274
334
728
893
827
545
550
448
843
538
424
255
736
743
165
10
345
125
588
931
393
996
175
809
640
150
680
197
496
921
40
681
220
394
174
379
964
304
789
988
334
47
319
854
358
258
254
499
498
759
546
608
611
852
400
248
249
119
884
678
680
664
42
192
123
303
156
522
649
230
331
691
251
684
223
360
483
789
785
421
783
260
747
672
81
391
828
44
70
865
989
469
747
206
549
253
171
771
506
459
704
283
113
748
349
1000
165
779
821
69
515
724
34
247
815
58
555
207
738
483
957
860
371
785
849
571
335
189
68
860
95
968
92
699
704
195
285
700
987
977
992
792
923
569
470
479
702
424
238
682
615
816
766
601
529
49
276
646
97
817
20
313
603
876
579
614
702
824
233
162
445
15
548
531
276
73
580
654
365
651
790
5
370
71
753
83
113
526
432
486
908
711
686
380
111
822
147
602
847
766
648
104
903
638
591
933
462
794
984
753
988
503
198
527
368
403
701
1000
398
707
869
795
17
578
828
788
646
598
590
343
65
677
828
37
76
965
508
233
406
296
797
419
737
574
550
839
441
177
90
72
884
309
41
360
900
258
687
923
666
599
584
399
7
584
596
607
864
408
816
170
186
493
723
340
254
716
507
662
32
752
183
5
453
208
636
6
780
970
499
436
346
189
76
453
203
106
952
230
691
86
778
152
93
737
703
951
709
87
285
721
741
988
583
96
834
126
578
509
870
60
64
1
303
361
277
319
944
82
686
786
951
735
852
132
450
263
797
70
101
356
821
5
260
194
502
547
220
292
892
784
655
4
871
914
1000
101
921
600
604
9
766
573
198
868
718
156
799
486
100
186
358
250
137
504
574
429
333
940
461
635
581
242
712
751
945
92
485
619
434
887
307
461
175
589
427
432
412
664
782
121
99
17
329
706
476
656
13
25
85
700
156
631
767
823
344
110
127
40
629
212
153
134
245
228
980
377
376
515
121
236
685
828
826
374
624
411
981
310
739
705
10
156
288
30
835
13
999
656
90
474
768
368
123
559
369
794
553
484
960
196
83
97
185
171
482
279
696
338
389
81
803
593
158
418
800
39
855
583
817
796
132
701
971
274
532
859
210
645
836
785
714
663
107
287
490
554
790
148
137
921
174
298
864
659
307
63
799
269
188
983
65
668
554
552
33
702
743
837
125
694
954
203
192
490
310
590
667
513
387
410
230
774
482
14
707
321
732
463
992
883
173
119
149
31
816
998
577
570
927
532
522
189
763
881
276
82
433
257
62
227
455
260
903
252
864
188
385
296
201
369
657
507
455
539
561
847
768
484
366
475
901
816
577
666
511
168
155
82
558
504
602
371
735
253
60
634
146
951
918
885
487
433
755
978
595
30
157
606
664
834
588
687
55
932
218
889
793
454
245
556
237
13
655
210
151
639
451
956
625
113
699
944
643
398
932
70
962
109
798
938
936
633
382
636
188
231
395
504
206
657
378
777
763
316
592
247
183
819
828
895
420
69
852
350
528
418
187
25
452
269
472
482
574
658
494
129
797
803
653
16
923
8
242
266
964
560
561
155
319
710
588
6
529
996
36
427
600
178
984
472
483
762
883
849
637
958
437
379
114
684
989
651
424
549
44
124
690
45
405
930
60
469
721
86
19
744
336
258
598
501
215
335
988
518
761
601
463
983
647
530
890
285
414
190
446
7
245
195
731
53
484
409
219
126
388
538
419
708
104
903
201
932
579
346
991
908
300
622
872
337
471
601
290
399
84
822
282
114
531
343
595
683
319
476
340
534
603
677
1
301
368
714
634
717
571
955
115
838
881
417
847
657
865
331
301
351
56
677
167
415
301
351
682
83
581
902
460
757
580
673
281
896
383
924
939
348
361
550
531
124
116
546
274
945
820
247
659
795
468
733
881
553
122
91
328
24
823
342
638
491
372
784
164
411
615
93
659
715
488
170
863
293
762
955
487
688
761
230
779
697
817
807
26
191
838
653
179
305
3
313
455
489
114
244
361
719
146
710
927
755
434
161
823
84
698
796
594
3
624
602
344
372
937
27
365
46
862
737
499
438
17
60
711
671
235
762
479
652
452
587
559
174
596
485
336
291
866
37
284
971
319
582
519
827
490
853
337
923
857
930
294
488
811
707
442
818
165
79
911
147
14
489
823
318
774
831
584
143
899
457
124
496
453
269
659
198
350
857
680
462
587
625
56
802
27
229
7
297
877
631
472
259
275
698
60
71
472
194
646
540
564
914
737
989
894
342
168
854
718
239
96
887
396
548
875
969
498
742
249
640
289
896
106
445
222
486
189
931
195
901
527
862
921
9
448
185
24
735
988
616
785
543
957
51
845
434
929
950
836
466
192
323
205
776
598
909
60
642
83
902
762
10
365
683
265
696
825
54
734
112
978
124
187
802
403
507
376
159
774
581
30
110
638
136
196
7
938
570
371
795
980
551
548
786
523
857
987
718
985
828
431
799
606
183
865
867
182
572
877
49
678
512
282
579
579
773
607
278
53
836
341
44
675
620
471
581
436
41
731
639
21
591
919
785
794
506
251
6
323
137
771
687
984
870
324
189
707
198
146
669
100
48
480
979
605
437
215
735
885
547
394
977
119
858
384
52
481
258
769
276
586
407
288
650
819
497
820
761
535
232
554
618
936
419
369
33
911
729
202
14
256
87
670
231
541
198
219
937
268
746
490
680
135
288
212
681
875
331
135
527
856
585
702
101
520
335
960
252
1000
284
482
744
163
768
227
231
613
691
348
92
582
638
540
180
153
742
503
818
755
8
66
980
819
966
83
331
949
653
426
783
489
941
328
382
151
567
942
395
163
489
267
731
319
599
257
208
316
991
203
171
788
253
799
790
239
103
425
439
153
671
165
88
25
195
833
471
906
424
231
80
466
835
265
110
755
545
24
359
816
933
822
706
395
642
452
393
417
671
220
782
565
516
242
917
113
476
55
351
112
161
1000
735
393
997
379
871
846
219
555
585
857
382
41
356
766
288
214
798
518
665
38
711
68
863
556
452
682
109
748
110
152
127
595
192
954
342
659
216
485
289
54
487
886
513
34
537
209
950
238
114
379
278
171
888
403
419
474
307
750
532
469
898
145
932
118
879
364
205
139
431
176
524
665
808
533
29
222
369
579
540
594
810
61
703
206
597
68
141
38
441
867
880
820
987
107
755
459
352
540
992
866
954
338
434
916
794
49
147
691
488
257
894
208
607
754
554
618
434
897
957
827
669
18
310
342
25
243
410
832
557
213
717
543
626
606
759
470
336
265
27
179
856
669
65
585
808
965
791
788
364
267
448
293
306
891
305
47
303
54
194
386
287
688
23
44
142
577
765
197
655
779
845
593
776
208
971
14
902
56
115
266
363
164
516
799
104
369
891
803
248
915
397
361
662
926
370
900
846
393
14
915
539
615
841
542
466
361
187
586
671
64
16
692
257
294
623
193
618
300
178
565
665
245
785
670
297
745
245
163
978
847
334
974
249
629
85
591
415
227
419
700
288
385
289
902
563
626
766
722
107
537
664
880
335
522
954
878
173
696
446
782
117
203
751
971
895
785
531
282
52
158
94
286
303
324
676
352
10
758
937
848
271
678
780
583
946
136
569
314
920
449
521
346
892
32
545
214
959
820
916
343
553
956
89
817
508
367
530
447
713
75
530
659
373
919
576
363
824
97
105
524
769
218
550
336
902
735
124
425
316
328
61
613
650
149
931
607
403
455
998
519
170
153
548
565
435
711
842
514
139
562
927
590
260
323
640
959
874
937
426
540
341
260
141
738
459
585
718
233
876
181
286
187
539
519
955
166
885
991
122
145
491
95
448
465
44
117
879
401
469
840
454
187
428
862
401
314
543
320
236
592
106
252
209
398
127
929
21
298
935
934
809
709
914
122
916
573
607
773
971
66
721
782
827
194
241
982
536
59
332
340
484
696
17
906
343
463
970
439
382
205
375
40
250
632
841
241
286
376
326
192
532
856
708
619
712
579
50
585
714
607
426
290
141
483
603
168
724
967
872
507
117
476
851
755
44
18
542
128
245
493
184
327
213
125
197
849
249
224
319
427
129
432
906
694
881
302
36
18
794
985
45
803
728
598
960
521
305
700
852
687
710
496
313
770
532
883
927
189
469
251
499
493
462
811
104
735
547
468
415
322
349
397
469
285
448
22
533
32
369
257
345
322
284
543
659
361
413
50
799
994
538
241
572
794
57
644
499
142
350
657
411
847
934
843
85
572
841
304
766
733
392
20
385
758
179
297
800
840
387
417
626
869
703
343
673
915
80
303
264
135
783
982
954
11
547
199
41
152
512
374
707
176
399
652
448
261
430
880
790
591
611
19
325
433
145
866
564
669
868
485
818
219
984
224
618
525
693
190
485
871
544
542
349
957
943
907
568
236
745
41
96
19
957
91
612
172
872
704
161
68
999
637
231
492
645
313
105
672
532
319
442
779
707
83
915
221
668
536
254
737
48
345
943
671
943
450
127
465
214
180
17
501
297
289
384
302
13
758
32
50
863
720
192
53
439
723
768
734
660
209
119
960
937
941
95
429
888
660
371
730
474
529
930
25
592
485
120
560
512
501
595
105
194
356
538
608
876
584
600
429
112
827
128
185
835
574
335
634
972
592
715
175
915
654
96
646
218
272
427
286
54
142
692
82
267
792
26
293
652
968
205
269
441
324
491
657
46
606
258
123
537
668
669
147
875
446
200
313
337
242
748
847
18
875
548
489
181
837
505
966
417
176
892
325
944
330
783
648
621
660
599
618
764
65
680
293
915
928
257
929
925
95
937
36
853
963
793
271
816
862
31
404
123
630
924
28
697
197
437
632
208
561
357
802
689
795
988
308
204
929
228
949
209
997
586
712
848
349
940
222
399
934
248
249
37
206
519
307
473
392
879
707
709
439
928
89
909
194
703
439
250
667
271
394
739
723
57
436
454
572
315
998
813
351
828
384
589
359
975
515
256
51
762
876
263
247
674
837
906
119
593
596
237
756
333
373
789
66
672
797
96
124
285
885
448
401
266
802
511
452
293
174
465
664
251
312
78
623
579
292
99
184
132
463
90
747
319
31
138
104
758
849
558
22
692
344
521
68
172
722
854
428
945
133
578
368
630
344
106
513
9
659
806
449
923
823
874
741
344
626
67
337
773
269
714
214
956
364
794
18
213
135
932
991
24
441
606
789
814
303
951
547
794
148
755
666
77
818
165
457
544
447
935
334
51
162
421
654
177
225
287
227
59
132
202
818
353
70
833
763
212
257
149
483
512
589
728
763
975
745
482
200
250
840
311
227
379
837
284
910
714
296
212
988
652
117
162
16
578
224
527
938
989
255
843
756
704
380
595
684
628
63
484
554
721
835
714
990
754
695
68
454
644
103
839
794
978
240
70
603
474
600
124
408
523
578
109
281
492
544
138
864
531
16
423
518
799
18
408
848
16
92
234
559
522
511
419
609
761
997
44
703
709
670
510
87
881
536
151
328
758
92
432
408
39
476
823
106
91
414
765
468
752
138
170
59
38
369
145
718
916
480
747
783
392
741
323
334
564
51
290
177
211
291
474
583
640
729
703
439
902
944
55
606
82
500
236
939
979
806
220
83
71
725
222
356
685
236
515
909
782
369
909
371
757
252
966
580
751
219
999
464
132
955
121
571
698
117
551
487
351
474
966
732
217
751
938
467
565
638
275
701
940
886
110
212
536
574
369
266
374
555
291
433
899
947
554
54
37
484
551
205
378
913
824
417
70
974
852
535
141
259
366
256
343
501
874
547
677
951
93
274
846
104
956
936
171
671
486
751
13
14
35
397
694
523
575
717
191
631
255
372
936
229
166
517
875
317
430
50
42
720
567
238
718
780
201
718
913
80
262
324
461
862
201
960
897
535
157
43
94
20
57
996
88
495
313
324
749
762
203
966
827
364
261
494
127
553
179
275
442
201
645
862
984
156
5
367
338
273
34
716
472
754
904
892
152
362
381
322
875
964
50
6
797
53
87
850
15
999
121
221
243
177
461
504
915
233
522
117
930
873
287
742
378
236
495
743
987
645
833
755
116
555
672
632
91
980
24
332
928
631
835
735
443
671
770
810
449
285
411
79
61
392
694
999
879
281
77
671
160
474
678
945
557
628
678
323
864
797
691
356
827
384
447
575
359
381
803
751
903
701
962
349
100
628
488
875
44
345
61
354
481
66
953
545
516
384
39
805
671
792
997
690
103
694
602
875
712
224
103
108
461
690
464
92
126
220
126
694
625
473
122
232
130
56
424
769
378
658
670
557
856
235
433
94
892
75
719
792
383
830
297
847
19
142
559
794
10
121
111
480
116
91
209
815
540
408
791
446
727
937
720
754
869
802
201
136
582
687
290
345
613
1000
944
549
545
104
461
192
308
577
417
782
661
717
709
9
535
223
33
668
34
719
794
491
934
848
57
215
511
587
82
836
760
29
164
154
98
419
689
2
146
490
406
206
822
576
557
166
798
932
432
486
179
791
712
124
892
625
713
829
244
333
153
158
169
546
101
40
747
964
220
228
676
675
318
484
739
263
617
816
544
805
397
821
536
637
688
914
528
287
564
999
362
996
65
429
945
367
477
35
277
698
49
584
20
275
36
593
962
575
298
62
454
86
791
729
825
513
385
706
194
828
78
411
892
744
930
339
504
442
372
546
40
38
323
249
56
413
791
933
571
829
661
683
33
291
433
9
595
735
840
236
825
169
963
15
369
322
916
229
891
255
28
301
2
162
664
634
178
768
265
135
30
356
682
611
390
512
992
835
317
459
602
770
892
179
886
202
972
272
44
887
425
137
898
529
946
225
670
112
209
292
653
445
631
754
915
70
132
452
113
94
957
880
945
664
357
914
681
373
172
67
397
161
754
814
293
808
987
645
761
757
114
537
140
25
425
905
637
751
101
56
395
13
479
535
452
61
843
57
478
695
374
49
500
856
86
509
396
562
685
72
939
143
669
126
928
562
885
422
753
813
737
394
940
854
988
750
91
850
767
330
774
297
276
900
430
91
983
849
4
440
348
514
385
567
335
512
626
695
253
579
624
477
304
941
411
448
1000
439
220
259
335
73
353
661
719
55
517
648
808
52
167
877
979
709
404
757
466
440
542
3
992
822
912
764
964
693
903
869
782
486
73
705
251
249
11
45
657
710
706
125
939
576
400
528
331
859
3
263
990
344
762
983
976
314
66
579
275
885
369
373
468
413
992
446
536
536
789
856
607
87
421
890
72
148
192
225
4
131
62
549
47
881
150
291
885
991
882
998
867
796
960
906
34
872
511
883
414
579
94
434
680
137
418
50
899
742
179
937
591
49
364
766
316
767
825
109
685
313
298
115
17
861
907
750
520
629
946
295
480
870
266
961
528
896
743
389
10
452
809
465
283
533
252
128
649
795
72
658
967
568
705
407
696
767
859
853
350
25
161
864
486
424
837
174
468
933
305
571
164
464
113
819
957
874
100
110
892
656
804
754
727
272
746
64
147
764
405
201
271
589
184
241
827
252
242
51
779
949
510
222
387
150
126
690
778
662
993
43
906
768
91
423
218
281
654
877
422
739
54
688
454
438
831
326
938
299
856
974
579
971
545
997
190
865
371
989
134
533
675
821
465
631
371
506
500
948
336
844
969
939
587
318
294
401
702
261
295
64
709
881
445
546
497
428
42
203
282
719
256
562
394
650
616
705
593
48
291
818
136
437
215
888
706
351
231
921
714
614
25
636
676
438
339
21
332
642
332
150
657
842
529
950
893
612
777
5
825
98
818
175
568
281
619
163
919
976
973
343
239
976
66
591
850
594
710
681
944
40
646
238
557
324
392
357
61
432
579
340
909
719
671
661
573
559
714
310
499
105
440
558
535
566
323
602
588
982
866
745
577
40
262
865
316
627
359
958
559
38
71
254
576
642
920
416
99
225
31
632
1
921
966
656
386
746
173
848
224
401
180
871
626
665
257
14
985
730
450
434
388
772
925
93
665
803
89
275
161
197
501
717
69
610
278
971
248
542
722
928
133
214
630
485
940
22
185
8
945
722
601
595
702
408
808
194
315
323
907
328
9
978
79
766
166
3
810
690
321
96
859
371
21
723
454
288
67
59
67
868
970
987
17
156
269
466
849
921
69
368
483
514
613
686
23
567
819
513
575
838
332
259
959
604
18
782
692
29
431
985
813
718
99
840
607
319
799
276
546
819
643
863
499
745
728
479
46
26
539
513
809
365
601
235
934
796
36
623
462
26
290
151
997
496
415
786
490
846
316
192
27
586
503
732
720
625
430
764
369
331
233
107
37
800
788
340
906
193
262
322
554
940
277
49
257
400
453
336
591
373
895
833
256
757
295
30
653
629
259
75
886
940
365
794
406
39
692
5
867
275
176
937
327
736
78
944
885
783
738
995
479
433
81
451
125
520
414
342
473
143
44
428
269
361
810
783
9
569
677
61
731
146
31
149
3
409
127
579
983
54
390
703
400
947
48
670
310
894
285
613
250
921
638
603
637
642
446
792
549
786
138
925
838
351
858
482
583
399
425
727
328
574
437
727
744
141
725
993
662
646
635
366
454
253
565
369
169
350
833
934
756
386
437
256
479
652
325
231
611
753
327
328
133
135
381
493
351
810
522
726
565
115
78
208
926
535
777
977
442
46
987
109
204
782
476
719
985
474
479
978
590
844
562
628
768
676
191
331
37
785
876
572
109
812
371
740
332
283
439
161
515
217
235
164
501
325
359
334
654
287
842
443
208
186
361
353
787
821
73
163
716
924
485
77
596
758
788
854
860
166
741
50
956
763
577
451
823
649
54
904
868
607
391
181
853
630
663
838
269
970
585
99
257
318
58
348
820
847
625
488
677
864
577
308
585
86
961
361
580
827
154
825
39
523
196
955
390
115
592
279
826
419
415
424
832
34
145
650
247
715
714
409
247
116
329
281
137
430
987
673
937
163
185
200
928
168
908
501
244
943
148
942
244
616
73
892
28
563
135
661
422
632
995
555
583
581
732
552
873
127
780
559
538
935
573
894
78
490
644
58
331
105
834
991
546
539
195
968
132
238
595
971
246
314
626
229
921
849
557
901
941
747
696
227
957
329
410
610
293
198
449
920
526
497
828
468
220
274
15
929
191
512
947
907
528
678
708
775
723
904
395
183
805
962
703
448
691
958
956
178
570
544
773
495
233
651
407
394
880
394
407
589
938
169
412
347
204
592
880
143
811
689
715
974
27
576
376
398
523
617
517
698
825
461
154
670
764
205
338
113
843
905
912
169
943
608
305
831
952
937
330
57
396
714
288
756
989
755
352
859
349
478
333
737
177
795
257
903
91
933
492
913
402
642
984
58
990
980
78
782
682
919
816
774
175
386
387
915
652
205
26
402
729
919
992
868
353
343
850
254
258
360
326
799
916
334
278
626
997
133
668
813
737
133
987
531
561
762
232
554
609
493
628
491
476
734
5
640
275
444
913
148
900
371
152
355
231
726
804
311
423
147
429
533
863
272
891
661
835
396
808
722
716
279
440
800
63
8
673
792
905
832
106
186
811
84
615
189
18
21
510
339
143
659
831
812
661
992
161
340
376
64
511
892
218
20
695
942
862
317
83
666
972
97
95
216
485
215
312
514
131
380
530
478
386
661
709
480
971
14
874
132
873
344
842
733
969
727
697
796
178
477
387
855
530
173
233
312
403
496
318
709
816
298
97
902
491
505
30
511
968
136
831
336
413
22
515
848
594
612
446
445
223
89
827
222
321
551
889
599
784
108
879
939
3
510
872
247
732
544
293
982
28
298
611
838
761
432
779
655
914
520
831
948
740
472
53
942
612
307
953
962
71
397
954
890
774
317
800
67
171
646
58
296
22
948
883
796
22
770
978
132
673
657
608
907
709
160
604
256
794
335
551
222
161
557
925
760
797
852
724
373
801
957
808
895
268
164
496
683
12
357
332
568
477
52
547
801
378
821
505
454
850
475
779
738
285
583
668
559
908
962
499
582
806
643
894
102
951
416
208
582
584
773
219
312
594
312
1000
455
858
202
565
230
498
410
806
939
578
231
135
401
751
452
266
361
268
776
909
978
698
392
896
429
291
725
423
330
200
31
949
588
68
250
415
891
824
946
528
455
571
782
772
992
309
942
577
761
661
796
605
42
496
919
756
457
754
376
298
237
627
605
21
478
96
941
797
956
788
291
65
530
399
38
820
162
202
469
33
409
135
381
301
595
141
699
275
488
888
838
23
355
921
90
494
877
129
668
596
844
882
940
891
527
493
170
816
778
699
738
762
634
540
46
48
790
737
456
729
723
539
774
572
864
963
576
193
234
624
336
299
900
929
860
946
865
634
354
328
301
754
746
882
209
701
823
82
170
911
266
680
452
521
155
594
553
804
861
961
927
594
835
223
686
410
482
386
349
695
640
891
954
821
174
615
550
263
47
455
372
408
689
613
536
935
824
585
377
214
936
789
907
689
894
1
257
530
68
376
544
33
570
460
850
797
872
784
198
618
616
39
319
443
668
485
612
400
452
468
524
170
52
324
94
679
482
730
304
35
850
162
5
725
952
889
331
863
26
509
252
889
755
572
951
521
793
657
594
191
910
462
544
150
708
544
898
26
377
117
448
361
69
730
902
387
176
934
722
724
390
852
796
230
846
950
799
842
710
464
158
787
754
317
999
758
942
24
679
413
239
604
677
90
127
603
54
467
610
946
860
406
109
606
401
438
947
983
980
229
136
119
235
134
546
706
692
413
313
444
996
687
523
111
976
245
541
325
493
628
281
988
331
305
549
1
573
852
484
189
563
596
662
111
657
688
627
170
237
565
192
252
765
490
316
999
108
846
39
589
811
250
778
383
288
302
852
787
190
168
641
761
632
920
298
437
505
171
868
195
638
890
18
631
255
759
452
454
550
324
692
511
202
194
644
184
894
70
684
664
744
859
626
380
915
700
963
78
408
175
732
124
19
415
346
294
715
819
754
777
67
163
831
225
613
735
359
784
798
949
133
972
690
144
576
579
712
531
679
646
594
235
33
166
422
706
502
287
475
811
133
596
538
583
277
356
364
507
802
822
51
880
644
18
111
900
934
922
414
113
12
22
942
391
4
281
899
32
77
8
620
866
953
630
900
396
464
32
617
711
214
614
727
705
65
829
778
63
267
274
322
705
467
537
895
12
338
456
948
867
153
156
958
905
607
518
155
685
24
197
66
764
818
386
444
625
212
745
404
952
673
679
70
405
145
828
573
858
607
384
225
866
535
312
348
338
548
558
745
881
385
340
636
898
344
149
849
690
878
658
32
179
150
791
825
563
4
498
727
114
303
220
96
955
413
723
16
511
26
145
515
908
467
65
845
843
339
799
276
370
173
104
410
629
492
722
808
261
406
549
604
426
255
834
778
973
757
195
669
485
492
774
462
483
915
306
945
655
925
197
194
216
579
46
506
895
533
435
338
118
333
317
94
937
425
144
639
320
386
505
227
911
700
812
352
635
234
874
539
586
97
9
997
985
468
971
913
53
168
992
339
943
720
19
838
768
709
592
545
775
39
657
574
737
660
133
820
509
819
36
605
217
138
156
709
348
413
686
211
56
828
407
42
132
661
908
8
749
863
685
870
22
502
619
845
818
237
609
359
454
804
902
721
418
419
426
527
702
364
671
868
877
247
651
655
347
51
925
903
421
998
613
100
247
209
268
718
632
255
479
3
65
214
419
240
223
50
999
259
533
522
726
874
952
265
279
826
104
801
961
857
409
746
909
644
346
268
385
122
203
175
456
904
551
794
735
893
396
465
768
687
919
763
215
146
374
184
91
842
845
983
535
147
935
845
290
100
236
163
75
136
539
588
759
550
114
264
22
682
708
774
57
802
911
119
586
176
389
437
417
960
967
884
959
220
36
128
778
946
500
618
117
390
433
643
10
547
255
892
14
168
469
715
936
974
910
235
613
499
9
508
567
4
790
84
732
338
978
660
861
815
133
789
680
706
452
468
263
914
696
160
332
81
968
578
458
870
973
195
174
909
851
222
373
445
923
639
282
127
704
830
696
412
70
677
799
811
564
967
760
749
412
696
707
660
829
906
438
960
366
728
626
318
636
372
848
745
926
462
589
155
465
179
832
250
228
728
148
291
955
300
942
41
644
757
34
997
163
941
834
115
967
185
433
989
777
527
587
579
30
549
102
892
871
430
56
119
367
174
703
975
798
188
12
906
346
426
107
723
774
385
403
988
675
833
828
668
203
95
881
972
866
381
337
421
990
109
865
709
967
313
236
170
101
524
398
373
718
192
727
663
522
282
392
171
15
304
462
641
956
513
722
77
79
520
884
495
920
499
956
457
103
459
180
568
8
395
6
528
914
658
992
547
811
984
405
73
329
670
42
847
15
713
204
643
218
665
698
993
850
723
489
466
304
394
893
908
561
19
452
413
418
406
587
47
771
475
292
29
570
471
346
581
923
525
58
22
376
836
837
864
534
122
350
788
754
622
703
175
254
287
537
384
338
792
199
306
734
394
584
18
74
487
192
711
231
769
204
952
624
166
993
679
342
760
430
135
902
199
262
229
620
596
116
970
202
32
969
808
553
510
121
517
120
479
928
928
309
519
188
551
666
532
789
201
247
711
482
24
428
882
29
34
201
630
701
765
653
313
74
968
365
13
451
878
112
500
299
898
357
569
484
20
199
616
857
488
397
526
121
741
1000
813
485
353
837
569
713
597
871
654
810
281
935
940
246
276
16
844
879
53
334
266
507
544
468
669
886
817
954
361
466
26
693
910
858
594
633
356
386
955
541
703
787
111
565
932
469
792
379
20
372
413
90
178
605
420
383
545
156
874
558
565
535
438
730
178
163
842
417
613
943
82
284
627
667
718
977
540
476
85
854
139
657
664
238
45
500
322
246
851
423
722
934
916
859
772
510
251
396
548
777
321
808
563
686
919
46
531
901
770
15
769
741
122
565
709
781
852
59
688
225
901
58
598
742
862
496
734
408
888
78
438
488
817
113
523
25
58
888
447
570
49
542
942
576
740
268
742
11
590
721
682
656
33
881
861
43
318
648
418
725
897
383
253
214
566
605
736
648
119
583
252
29
992
460
776
556
54
445
854
451
402
840
554
338
88
293
141
848
196
595
782
487
749
464
6
245
822
193
543
477
107
974
540
475
191
168
87
91
679
803
530
155
887
871
290
578
523
923
519
130
941
564
487
67
940
321
105
637
959
570
664
891
99
909
359
44
857
90
614
318
865
875
394
132
246
539
954
302
411
833
590
234
577
590
671
418
565
543
587
91
819
889
878
987
787
571
50
774
122
455
700
432
479
563
585
808
794
605
310
532
691
957
883
58
811
642
1000
546
953
824
874
468
857
673
332
439
148
367
755
919
329
942
404
228
478
187
508
876
531
496
919
461
111
504
53
688
851
598
929
901
430
234
568
964
272
401
791
886
971
833
871
64
833
985
95
740
810
946
77
397
361
31
246
444
821
13
14
135
511
147
260
318
991
132
703
32
540
778
106
739
585
620
94
410
634
418
620
670
638
321
432
829
866
360
247
684
74
909
360
965
481
37
179
18
560
127
54
214
217
631
506
381
337
128
842
522
808
365
948
830
529
282
964
742
612
699
498
77
181
250
589
692
249
316
235
538
219
407
164
127
904
150
223
224
254
580
573
418
301
964
586
39
764
86
865
169
861
686
768
317
667
439
717
214
992
356
187
568
479
432
981
544
586
941
211
89
50
441
374
242
132
785
762
444
601
230
157
613
501
241
662
639
289
488
692
834
181
533
678
123
970
362
201
930
660
233
132
567
977
893
116
944
723
108
427
784
558
100
89
904
669
858
941
952
836
837
649
266
471
583
284
237
511
98
435
59
217
273
555
497
500
323
43
937
84
408
472
718
679
411
287
425
290
322
494
42
496
302
182
855
977
180
179
574
100
248
584
151
672
860
584
64
846
432
961
740
758
689
876
593
414
599
224
725
723
820
776
787
202
833
920
956
476
880
639
718
78
663
294
931
181
198
61
512
422
926
270
208
89
264
56
460
987
932
687
866
388
55
680
679
888
560
333
87
643
135
476
975
888
129
881
164
599
743
772
320
918
508
812
505
837
138
140
604
439
20
999
533
280
490
353
891
3
37
468
16
423
777
928
357
640
608
703
906
667
715
686
844
725
113
159
416
479
155
686
804
131
998
994
807
894
885
513
175
368
778
988
696
384
476
711
57
372
657
693
61
130
892
62
836
853
182
143
699
521
896
786
474
223
695
508
287
204
767
401
7
674
55
615
90
722
564
846
936
118
978
520
919
643
657
551
84
983
612
502
744
3
855
759
96
773
70
549
391
929
345
259
79
113
54
762
309
949
177
76
5
293
114
967
810
668
656
280
588
188
898
722
75
54
718
287
226
324
341
465
657
58
105
155
361
869
737
211
986
631
545
383
480
615
254
725
297
774
879
996
166
674
808
593
803
445
694
384
522
27
894
239
520
419
288
871
826
86
566
839
197
520
755
337
461
934
758
827
821
160
230
723
84
406
756
867
984
498
584
954
670
873
658
824
504
190
678
645
823
29
442
988
473
471
139
234
198
898
788
114
999
913
233
440
17
328
811
15
563
214
856
94
657
236
315
498
546
76
210
797
32
356
116
95
973
82
771
128
555
593
254
303
926
521
72
535
379
224
217
625
146
569
496
789
778
471
390
84
15
442
154
197
419
502
90
698
305
752
320
140
179
496
981
638
752
381
928
363
373
369
342
774
8
87
544
244
163
447
919
458
91
873
130
470
24
372
527
607
557
483
718
532
61
266
25
496
427
381
230
643
917
648
22
364
256
612
153
815
22
349
479
472
184
220
265
833
395
69
148
417
782
798
929
262
863
873
79
962
874
838
368
714
456
820
169
68
744
381
32
5
730
203
419
330
226
206
687
30
477
967
724
191
415
478
713
87
290
240
843
868
355
989
537
680
744
104
300
733
383
841
252
793
897
720
572
144
800
323
551
881
86
720
626
340
384
786
479
536
555
34
442
743
956
911
558
114
69
896
576
1000
696
564
125
787
114
281
486
30
600
149
179
576
33
230
406
635
713
771
625
822
536
199
596
140
469
933
840
698
401
828
651
63
994
301
132
555
135
807
859
466
687
247
505
907
624
104
34
918
512
619
387
138
133
246
177
135
674
710
734
485
385
975
205
946
590
556
682
647
817
313
128
723
503
82
568
671
767
14
36
174
978
615
453
14
265
876
267
717
32
604
23
252
360
554
62
933
374
855
831
414
852
884
419
610
372
323
171
696
123
897
397
48
342
523
458
549
829
743
695
528
648
452
222
223
954
699
748
92
191
855
920
921
558
333
780
624
955
606
574
721
401
600
888
25
3
138
838
570
183
370
925
305
448
747
739
899
995
851
581
923
336
822
795
479
347
915
537
976
577
196
217
556
785
46
475
258
509
195
46
223
168
670
237
142
431
244
230
938
980
89
499
376
583
703
416
847
474
929
890
963
277
518
896
354
330
507
658
937
860
46
961
938
258
789
329
422
303
313
918
608
1000
780
783
922
52
589
852
151
864
106
489
613
652
161
361
392
534
166
421
99
729
803
456
131
799
873
836
764
468
895
849
701
647
166
57
227
496
469
319
687
231
584
244
736
298
222
346
422
756
862
546
695
836
716
290
838
528
601
610
404
119
920
669
236
120
84
521
742
899
658
122
411
474
793
571
700
960
175
697
359
204
442
946
455
890
390
832
570
814
173
908
523
497
576
997
377
640
903
306
161
796
63
809
448
381
993
846
725
61
813
949
848
270
557
980
83
177
812
445
914
98
331
567
231
530
663
460
104
41
627
642
874
869
630
508
450
815
832
197
153
211
568
132
573
407
880
274
181
864
9
310
551
472
572
49
61
922
975
920
333
518
641
622
115
336
690
877
958
242
752
765
673
938
656
496
514
800
66
838
791
647
75
948
881
154
179
436
81
449
658
244
782
94
73
573
75
57
552
167
932
144
55
314
170
402
248
230
757
581
558
24
598
119
882
783
285
379
974
982
393
995
637
734
528
571
107
595
109
280
794
790
832
511
143
430
993
296
307
589
229
48
340
24
233
355
518
842
808
245
939
883
897
704
916
178
252
373
555
424
651
468
262
577
535
832
536
72
591
608
405
882
811
377
924
385
427
848
417
144
589
52
875
663
447
125
547
361
431
338
88
852
277
387
3
63
114
64
135
346
962
164
911
660
672
492
270
444
429
832
357
440
603
779
985
508
911
907
378
347
952
934
961
216
184
461
678
162
477
425
721
920
292
436